Location=235.508994 1189.169897 1080.339966
Int=3