Location=225.756989 1240.000000 1082.149902
Int=2