Location=223.043991 1289.259888 1082.199951
Int=1