Location=225.630997 1022.479980 1084.069946
Int=7