Location=295.138977 1474.469971 1080.519897
Int=15