Location=328.493988 1480.589966 1084.449951
Int=15