Location=385.803986 1471.769897 1080.209961
Int=15